{"nbformat":4,"nbformat_minor":0,"metadata":{"colab":{"provenance":[],"authorship_tag":"ABX9TyMKL4ID2A0PS3YRKAssg+7u"},"kernelspec":{"name":"python3","display_name":"Python 3"},"language_info":{"name":"python"}},"cells":[{"cell_type":"markdown","source":["#Assignment 1\n","\n","##Essential Code (copy/paste to each q)"],"metadata":{"id":"KwBg1hQC6vjS"}},{"cell_type":"code","execution_count":null,"metadata":{"id":"fUqcaCOi6rGE"},"outputs":[],"source":["import numpy as np\n","import math\n","import matplotlib.pyplot as plt\n","\n","def fact(n): # RECURSIVE!!!!!!!!!!\n","  if n == 1: # 0! = 1!, so only need to go down to 1\n","    return 1\n","  else:\n","    return n*fact(n-1)\n","\n","def gaussElim(A,b):\n","    \"\"\"\n","    Routine to solve problem Ax = b using gauss elim.\n","    A is an NxN matrix, b a column vector of size N\n","    returns x vector of dimentsion N\n","    \"\"\"\n","    # setup our augmented matrix by copying A and b\n","    N = A.shape[0]\n","    augmat = np.zeros((N, N+1))\n","    augmat[:,:N] = np.copy(A)\n","    augmat[:,N] = np.copy(b)\n","    \n","    for pivot in range(0,N):\n","        refrow = pivot\n","        for row in range(refrow+1, N):\n","            ratio =  augmat[row,refrow]/augmat[refrow,refrow]\n","            for col in range(refrow, N+1):\n","                augmat[row,col] = augmat[row,col] - augmat[refrow,col]*ratio\n","    #print(augmat)\n","    x = np.zeros(N)\n","    for row in range(N-1,-1,-1):\n","        x[row] = augmat[row,N] \n","        for col in range(row+1, N):\n","            x[row] -= augmat[row,col]*x[col] \n","        x[row] = x[row]/augmat[row,row]       \n","    return x\n","\n","def lagrangePoly(myx,x,y):\n","  result = 0\n","  for i in range(len(x)):\n","    for j in range(len(x)):\n","      partResult = 1\n","      if (j-1)**2 <1:\n","        pass\n","      else:\n","        partResult *= (x-x[j])/(x[i]-x[j])\n","    result = partResult*y[i]\n","  return result\n","\n","def lerp(xi,x0,y0,x1,y1):\n","  result = y0 +(xi-x0)*(y1-y0)/(x1-x0)\n","  return result\n","\n","def normalise(x):\n","  fac = abs(x).max()\n","  xn = x / x.max()\n","  return fac, xn\n","\n","def poweriterate(x,xlen):\n","  a = np.zeros(xlen)\n","  for q in range(len(xlen)):\n","    a[i] = 1\n","  for r in range(10):\n","    x = np.dot(a,x)\n","    nlambda, x = normalise(x)\n","  return nlambda, x"]},{"cell_type":"markdown","source":["##Question 1"],"metadata":{"id":"Sn1Lb0eG67sJ"}},{"cell_type":"code","source":["# Defining Function\n","def f(x):\n","    return -0.955968*x**3 - 2.867905*x**2 + 9.559683*x\n","\n","# Defining derivative of function\n","def fprime(x):\n","    return (3*-0.955968)*x**2 - (2*-2.867905)*x + 9.559683\n","\n","def newtonRaphson(x):\n","    h = f(x)/fprime(x)\n","    while abs(h) >= 1e-15:\n","        h = f(x)/fprime(x)\n","        x = x - h\n","    return x\n","\n","roots = []\n","i = -50\n","while i != 50:\n","  root = newtonRaphson(i)\n","  if root not in roots:\n","    roots.append(root)\n","  i+=10\n","\n","roots.sort()\n","print(roots)\n"],"metadata":{"id":"Xzm8OjQW69ex","colab":{"base_uri":"https://localhost:8080/"},"executionInfo":{"status":"ok","timestamp":1673372378814,"user_tz":0,"elapsed":666,"user":{"displayName":"Nate Flint","userId":"03594696455838619586"}},"outputId":"2b580a97-0b7c-4111-afe1-2537a9bc608b"},"execution_count":null,"outputs":[{"output_type":"stream","name":"stdout","text":["[-5.000001195497254, -5.000001195497252, 0, 1.4791141972893971e-31]\n"]}]},{"cell_type":"markdown","source":["##Question 2"],"metadata":{"id":"hBsm09yY8nSc"}},{"cell_type":"code","source":["\"\"\"This block of code creates matrix A and gives it values, \n","nothing of note happens until next block\"\"\"\n","A = np.zeros([5,5])\n","A[0,0] = 3.243998\n","A[0,1] = 7.585622\n","A[0,2] = 6.244601\n","A[0,3] = 7.459325\n","A[0,4] = 4.358713\n","\n","A[1,0] = 7.585622\n","A[1,1] = 0.706678\n","A[1,2] = 5.195211\n","A[1,3] = 0.180218\n","A[1,4] = 2.177688\n","\n","A[2,0] = 6.244601\n","A[2,1] = 5.195211\n","A[2,2] = 0.504912\n","A[2,3] = 3.769038\n","A[2,4] = 7.096096\n","\n","A[3,0] = 7.459325\n","A[3,1] = 0.180218\n","A[3,2] = 3.769038\n","A[3,3] = 5.370002\n","A[3,4] = 6.995861\n","\n","A[4,0] = 4.358713\n","A[4,1] = 2.177688\n","A[4,2] = 7.096096\n","A[4,3] = 6.995861\n","A[4,4] = 4.233052\n"],"metadata":{"id":"iTSwwJEt8t6z"},"execution_count":null,"outputs":[]},{"cell_type":"code","source":["At = np.transpose(A) # transpomse A atrix for matrix multiplication"],"metadata":{"id":"TslUHOhGAI4H"},"execution_count":null,"outputs":[]},{"cell_type":"code","source":["A2 = np.zeros([5,5]) # create matrix for result of multiplication to go in\n","for g in range(len(A)): # go through rows of A\n","  for h in range(len(At[0])): # go through columns of At\n","    for i in range(len(At)): # go through rows of At\n","      A2[g][h] += A[g][i]*At[i][h] #Result adds the multiplication of all elements in row G of A with all elements of column h in At\n","\n","A2sum = 0 # create a result variable\n","for j in range(len(A2)): # go through rows of A2\n","  for k in range(len(A2)): # Go through columns of A2\n","    A2sum+= A2[j][k] # Add element together\n","\n","print(A2sum)"],"metadata":{"colab":{"base_uri":"https://localhost:8080/"},"id":"PvRyfN8-BdSk","executionInfo":{"status":"ok","timestamp":1671196047726,"user_tz":0,"elapsed":12,"user":{"displayName":"Nate Flint","userId":"03594696455838619586"}},"outputId":"69330398-6aaa-45ff-e912-06a1770bb4b8"},"execution_count":null,"outputs":[{"output_type":"execute_result","data":{"text/plain":["2789.44338670437"]},"metadata":{},"execution_count":7}]},{"cell_type":"markdown","source":["##Question 3"],"metadata":{"id":"3fMRCnIy8pge"}},{"cell_type":"code","source":["#create arrays\n","\n","xi = np.array([10.000000,-8.666667,-7.333333,-6.000000,-4.666667,-3.333333,-2.000000,-0.666667,0.666667,2.000000,3.333333,4.666667,6.000000,7.333333,8.666667,10.000000])\n","yi = np.array([-236.858690,-179.783455,-132.915145,-92.106830,-60.370058,-31.857908,-10.878956,1.061574,4.291217,3.578033,-5.377525,-25.148321,-45.176053,-75.555361,-113.610130,-156.051823])"],"metadata":{"id":"CX50tnt08udb"},"execution_count":null,"outputs":[]},{"cell_type":"code","source":["z = np.zeros((len(xi),5))\n","z"],"metadata":{"colab":{"base_uri":"https://localhost:8080/"},"id":"VYbz4da57FwP","executionInfo":{"status":"ok","timestamp":1672704743343,"user_tz":0,"elapsed":217,"user":{"displayName":"Nate Flint","userId":"03594696455838619586"}},"outputId":"30ecfdd8-4ed0-415d-cf52-d84e0a88c712"},"execution_count":null,"outputs":[{"output_type":"execute_result","data":{"text/plain":["array([[0., 0., 0., 0., 0.],\n","       [0., 0., 0., 0., 0.],\n","       [0., 0., 0., 0., 0.],\n","       [0., 0., 0., 0., 0.],\n","       [0., 0., 0., 0., 0.],\n","       [0., 0., 0., 0., 0.],\n","       [0., 0., 0., 0., 0.],\n","       [0., 0., 0., 0., 0.],\n","       [0., 0., 0., 0., 0.],\n","       [0., 0., 0., 0., 0.],\n","       [0., 0., 0., 0., 0.],\n","       [0., 0., 0., 0., 0.],\n","       [0., 0., 0., 0., 0.],\n","       [0., 0., 0., 0., 0.],\n","       [0., 0., 0., 0., 0.],\n","       [0., 0., 0., 0., 0.]])"]},"metadata":{},"execution_count":5}]},{"cell_type":"code","source":["for i in range(len(xi)):\n","  z[i,0] = 1\n","  z[i,1] = xi[i]\n","  z[i,2] = xi[i]**2\n","  z[i,3] = xi[i]**3\n","  z[i,4] = math.e\n","\n","z"],"metadata":{"colab":{"base_uri":"https://localhost:8080/"},"id":"uggpHS-O7qN4","executionInfo":{"status":"ok","timestamp":1672704803083,"user_tz":0,"elapsed":214,"user":{"displayName":"Nate Flint","userId":"03594696455838619586"}},"outputId":"d1660c7b-a21c-4177-ceb9-258a9d6c0a1e"},"execution_count":null,"outputs":[{"output_type":"execute_result","data":{"text/plain":["array([[ 1.00000000e+00,  1.00000000e+01,  1.00000000e+02,\n","         1.00000000e+03,  2.71828183e+00],\n","       [ 1.00000000e+00, -8.66666700e+00,  7.51111169e+01,\n","        -6.50963038e+02,  2.71828183e+00],\n","       [ 1.00000000e+00, -7.33333300e+00,  5.37777729e+01,\n","        -3.94370317e+02,  2.71828183e+00],\n","       [ 1.00000000e+00, -6.00000000e+00,  3.60000000e+01,\n","        -2.16000000e+02,  2.71828183e+00],\n","       [ 1.00000000e+00, -4.66666700e+00,  2.17777809e+01,\n","        -1.01629651e+02,  2.71828183e+00],\n","       [ 1.00000000e+00, -3.33333300e+00,  1.11111089e+01,\n","        -3.70370259e+01,  2.71828183e+00],\n","       [ 1.00000000e+00, -2.00000000e+00,  4.00000000e+00,\n","        -8.00000000e+00,  2.71828183e+00],\n","       [ 1.00000000e+00, -6.66667000e-01,  4.44444889e-01,\n","        -2.96296741e-01,  2.71828183e+00],\n","       [ 1.00000000e+00,  6.66667000e-01,  4.44444889e-01,\n","         2.96296741e-01,  2.71828183e+00],\n","       [ 1.00000000e+00,  2.00000000e+00,  4.00000000e+00,\n","         8.00000000e+00,  2.71828183e+00],\n","       [ 1.00000000e+00,  3.33333300e+00,  1.11111089e+01,\n","         3.70370259e+01,  2.71828183e+00],\n","       [ 1.00000000e+00,  4.66666700e+00,  2.17777809e+01,\n","         1.01629651e+02,  2.71828183e+00],\n","       [ 1.00000000e+00,  6.00000000e+00,  3.60000000e+01,\n","         2.16000000e+02,  2.71828183e+00],\n","       [ 1.00000000e+00,  7.33333300e+00,  5.37777729e+01,\n","         3.94370317e+02,  2.71828183e+00],\n","       [ 1.00000000e+00,  8.66666700e+00,  7.51111169e+01,\n","         6.50963038e+02,  2.71828183e+00],\n","       [ 1.00000000e+00,  1.00000000e+01,  1.00000000e+02,\n","         1.00000000e+03,  2.71828183e+00]])"]},"metadata":{},"execution_count":9}]},{"cell_type":"code","source":["Zt = z.transpose()\n","Zt"],"metadata":{"colab":{"base_uri":"https://localhost:8080/"},"id":"URZiA1PA8Ji_","executionInfo":{"status":"ok","timestamp":1672704806361,"user_tz":0,"elapsed":235,"user":{"displayName":"Nate Flint","userId":"03594696455838619586"}},"outputId":"3e116718-3ed0-4450-f692-632d6ee05da4"},"execution_count":null,"outputs":[{"output_type":"execute_result","data":{"text/plain":["array([[ 1.00000000e+00,  1.00000000e+00,  1.00000000e+00,\n","         1.00000000e+00,  1.00000000e+00,  1.00000000e+00,\n","         1.00000000e+00,  1.00000000e+00,  1.00000000e+00,\n","         1.00000000e+00,  1.00000000e+00,  1.00000000e+00,\n","         1.00000000e+00,  1.00000000e+00,  1.00000000e+00,\n","         1.00000000e+00],\n","       [ 1.00000000e+01, -8.66666700e+00, -7.33333300e+00,\n","        -6.00000000e+00, -4.66666700e+00, -3.33333300e+00,\n","        -2.00000000e+00, -6.66667000e-01,  6.66667000e-01,\n","         2.00000000e+00,  3.33333300e+00,  4.66666700e+00,\n","         6.00000000e+00,  7.33333300e+00,  8.66666700e+00,\n","         1.00000000e+01],\n","       [ 1.00000000e+02,  7.51111169e+01,  5.37777729e+01,\n","         3.60000000e+01,  2.17777809e+01,  1.11111089e+01,\n","         4.00000000e+00,  4.44444889e-01,  4.44444889e-01,\n","         4.00000000e+00,  1.11111089e+01,  2.17777809e+01,\n","         3.60000000e+01,  5.37777729e+01,  7.51111169e+01,\n","         1.00000000e+02],\n","       [ 1.00000000e+03, -6.50963038e+02, -3.94370317e+02,\n","        -2.16000000e+02, -1.01629651e+02, -3.70370259e+01,\n","        -8.00000000e+00, -2.96296741e-01,  2.96296741e-01,\n","         8.00000000e+00,  3.70370259e+01,  1.01629651e+02,\n","         2.16000000e+02,  3.94370317e+02,  6.50963038e+02,\n","         1.00000000e+03],\n","       [ 2.71828183e+00,  2.71828183e+00,  2.71828183e+00,\n","         2.71828183e+00,  2.71828183e+00,  2.71828183e+00,\n","         2.71828183e+00,  2.71828183e+00,  2.71828183e+00,\n","         2.71828183e+00,  2.71828183e+00,  2.71828183e+00,\n","         2.71828183e+00,  2.71828183e+00,  2.71828183e+00,\n","         2.71828183e+00]])"]},"metadata":{},"execution_count":10}]},{"cell_type":"code","source":["ZtZ = np.dot(Zt,z)\n","print(ZtZ)\n","ZtY = np.dot(Zt,yi)\n","print(ZtY)"],"metadata":{"colab":{"base_uri":"https://localhost:8080/"},"id":"Cbz5x9A58sQb","executionInfo":{"status":"ok","timestamp":1672704819977,"user_tz":0,"elapsed":220,"user":{"displayName":"Nate Flint","userId":"03594696455838619586"}},"outputId":"0ec55f07-6f4d-4633-aaf6-fad0eb903b57"},"execution_count":null,"outputs":[{"output_type":"stream","name":"stdout","text":["[[1.60000000e+01 2.00000000e+01 6.04444449e+02 2.00000000e+03\n","  4.34925093e+01]\n"," [2.00000000e+01 6.04444449e+02 2.00000000e+03 4.08873095e+04\n","  5.43656366e+01]\n"," [6.04444449e+02 2.00000000e+03 4.08873095e+04 2.00000000e+05\n","  1.64305036e+03]\n"," [2.00000000e+03 4.08873095e+04 2.00000000e+05 3.27540248e+06\n","  5.43656366e+03]\n"," [4.34925093e+01 5.43656366e+01 1.64305036e+03 5.43656366e+03\n","  1.18224898e+02]]\n","[  -1156.759431     -2369.67677241  -79784.38661291 -312399.13998111\n","   -3144.39814119]\n"]}]},{"cell_type":"code","source":["Coeffs = np.linalg.solve(ZtZ,ZtY)\n","print(Coeffs[2])"],"metadata":{"colab":{"base_uri":"https://localhost:8080/"},"id":"3v1g39jG84t-","executionInfo":{"status":"ok","timestamp":1672704823154,"user_tz":0,"elapsed":265,"user":{"displayName":"Nate Flint","userId":"03594696455838619586"}},"outputId":"eae89ddf-1ba3-4f24-e138-a65d7d406750"},"execution_count":null,"outputs":[{"output_type":"stream","name":"stdout","text":["-2.117037252168999\n"]}]},{"cell_type":"markdown","source":["##Question 4"],"metadata":{"id":"enkNuo908q70"}},{"cell_type":"code","source":["def poweriterate(x,xlen):\n","  a = np.zeros(xlen)\n","  for q in range(xlen):\n","    a[q] = 1\n","  for r in range(10):\n","    xn = np.dot(x,a)\n","    nlambda = abs(xn).max()\n","    print(xn.max())\n","    x = x / xn.max()\n","  return nlambda"],"metadata":{"id":"kKWlEgBCEW9H","executionInfo":{"status":"ok","timestamp":1673374268624,"user_tz":0,"elapsed":368,"user":{"displayName":"Nate Flint","userId":"03594696455838619586"}}},"execution_count":9,"outputs":[]},{"cell_type":"code","source":["#This block of code creates matrix A and gives it values, nothing of note happens until next block\n","A = np.zeros([5,5])\n","\n","A[0,0] = 6.437161\n","A[0,1] = 6.051567\n","A[0,2] = 5.608547\n","A[0,3] = 1.603539\n","A[0,4] = 5.086042\n","\n","A[1,0] = 6.051567\n","A[1,1] = 0.308111\n","A[1,2] = 7.266994\n","A[1,3] = 3.607854\n","A[1,4] = 0.361327\n","\n","A[2,0] = 5.608547\n","A[2,1] = 7.266994\n","A[2,2] = 2.829256\n","A[2,3] = 5.320674\n","A[2,4] = 0.546016\n","\n","A[3,0] = 1.603539\n","A[3,1] = 3.607854\n","A[3,2] = 5.320674\n","A[3,3] = 2.023653\n","A[3,4] = 7.301783\n","\n","A[4,0] = 5.086042\n","A[4,1] = 0.361327\n","A[4,2] = 0.546016\n","A[4,3] = 7.301783\n","A[4,4] = 1.839432"],"metadata":{"id":"7xQkeo-98vDx","executionInfo":{"status":"ok","timestamp":1673374270908,"user_tz":0,"elapsed":381,"user":{"displayName":"Nate Flint","userId":"03594696455838619586"}}},"execution_count":10,"outputs":[]},{"cell_type":"code","source":["AInv = np.linalg.inv(A)\n","MaxEigen = poweriterate(A,5)\n","MinEigen = poweriterate(AInv,5)"],"metadata":{"colab":{"base_uri":"https://localhost:8080/"},"id":"p1kqMdQtEj1f","executionInfo":{"status":"ok","timestamp":1673374272781,"user_tz":0,"elapsed":2,"user":{"displayName":"Nate Flint","userId":"03594696455838619586"}},"outputId":"8bbd7eea-1831-4539-d441-c5a3fc57d01c"},"execution_count":11,"outputs":[{"output_type":"stream","name":"stdout","text":["24.786856\n","1.0\n","1.0\n","1.0\n","1.0\n","1.0\n","1.0\n","1.0\n","1.0\n","1.0\n","0.10616897829225831\n","1.0\n","1.0\n","1.0\n","1.0\n","1.0\n","1.0\n","1.0\n","1.0\n","1.0\n"]}]},{"cell_type":"code","source":["ConNum = MaxEigen/MinEigen\n","print(ConNum)"],"metadata":{"colab":{"base_uri":"https://localhost:8080/"},"id":"98dQvrAwGuDJ","executionInfo":{"status":"ok","timestamp":1673374276849,"user_tz":0,"elapsed":368,"user":{"displayName":"Nate Flint","userId":"03594696455838619586"}},"outputId":"92a8c4c3-fb2d-460a-8b49-328943c4cab4"},"execution_count":12,"outputs":[{"output_type":"stream","name":"stdout","text":["1.0\n"]}]},{"cell_type":"markdown","source":["##Question 5"],"metadata":{"id":"ycsTnXOB8sSL"}},{"cell_type":"code","source":["def xi(num,i,ub,lb):\n","  return lb+ i*(ub-lb)/(n-1)\n","\n","def g(x):\n","  x0 = -5.75\n","  xsub = (x - x0)**2\n","  ans = 9*np.exp(-7*xsub)\n","  return ans"],"metadata":{"id":"r1E1rlvj8vrH"},"execution_count":null,"outputs":[]},{"cell_type":"code","source":["def DEmat(num):\n","  mat = np.zeros((n,n))\n","  for i in range(n):\n","    mat[i][i] = -2\n","  for j in range(n-2):\n","    mat[j+1][j] = 1\n","    mat[j+1][j+2] = 1\n","  return mat\n","\n","def ansMat(n,L,R,ub,lb):\n","  mat = np.zeros(n)\n","  mat[0] = -2*L\n","  mat[-1] = -2*R\n","  for i in range(1,n-1):\n","    deltax = xi(n,i,ub,lb)\n","    if i == 1:\n","      x = deltax\n","    else:\n","      x += (ub-lb)/(n-1)\n","    mat[i] = g(x) * (deltax**2)\n","  return mat"],"metadata":{"id":"36vZyEilF4Y8"},"execution_count":null,"outputs":[]},{"cell_type":"code","source":["upbound = -2\n","lowbound = -7\n","n = 10\n","yL = -7\n","yR = -7\n","\n","aMat = DEmat(n)\n","gMat = ansMat(n,yL,yR,upbound,lowbound)"],"metadata":{"id":"M-bDpXBMF7I0"},"execution_count":null,"outputs":[]},{"cell_type":"code","source":["yMat = np.linalg.solve(aMat,gMat)\n","yMat.min()"],"metadata":{"colab":{"base_uri":"https://localhost:8080/"},"id":"DbFmlhXFJWj9","executionInfo":{"status":"ok","timestamp":1673365248601,"user_tz":0,"elapsed":2,"user":{"displayName":"Nate Flint","userId":"03594696455838619586"}},"outputId":"a8bad5c5-050d-4d4b-f22a-eed883d9a369"},"execution_count":null,"outputs":[{"output_type":"execute_result","data":{"text/plain":["-542.6758085237539"]},"metadata":{},"execution_count":53}]}]}